$ANSIBLE_VAULT;1.1;AES256
38653935303836636435326233336366373161653332376336643132333839333863616266643135
3763396634353665663366643866306235353432396234380a626663373739306633643334616632
36643432396634313632633439306637376266343566393763653534336231376438663462393234
3563643062373333320a653631626338386531316430303462373266336338353463663737653464
38326336643737643131333338383634303065363833343239346539366361376235656437383831
39303938306331356265633662326434343165613137653563613939343463633635343131623836
39333534306166303539653064393737653061353139303632643531306139303866393662373236
31383664343363323034633731306339666338343335333461613335636336643932363833666466
30653134643763663930613638343465326263333237336666616264663363663061383235336561
39643839323063633634663766633736613362313730346466343762656466363937316266636239
31653765393561616564653566393235643738653963663537376363333331383963656365346331
66643162363266303062346466653634623233616463363238363962313137356663633464343964
36363336626230653438316363396464353731383032313263393935336438666666323164613963
6133336265346632396536313934353466646166353866383434
