$ANSIBLE_VAULT;1.1;AES256
36376162356432383234613731363133376533643037653535373136346632643162356338343164
3534623962653533353933396333663431393935666230640a323263656230386165306530383539
32323030646130346132363662323233656661373435616263343739666433366563373131316334
3431393839303239620a616162633136346336356338343033326161633361316432343132353865
64383730383532336139383138353232346364363938656533333434666531383962343566643862
38356134336132356464383965636638393438646363353934376630633963363438313539653639
39663036333864386632613364343531633736336664393562393837356362313935343862396435
39396563363032363437363165653337353962653739616336383830356666333762356462323335
33343033633037336533613838663735653236303237343138373165653235333838373437376332
65383364663836373162356334613236333936653365656336623763313735326161623134626136
62346336663036333061356430353933313663383730633065656366653838376161656237633462
61646634623533663739626330343863623463313534363236393636626136306136393439343439
3338
